[gd_scene load_steps=4 format=3 uid="uid://bec5vqxm088e8"]

[ext_resource type="Material" uid="uid://bgex8oqfljbhj" path="res://Materials/Blockout/BasicGrid.tres" id="1_hue2w"]
[ext_resource type="PackedScene" uid="uid://ctearq8xjvskc" path="res://Preset Scenes/CSG/csg_fence.tscn" id="2_kwc7k"]
[ext_resource type="PackedScene" uid="uid://clhx2tcolc8qr" path="res://Preset Scenes/CSG/csg_tree.tscn" id="3_kkmvt"]

[node name="Node3D" type="Node3D"]
transform = Transform3D(0.6, 0, 0, 0, 0.6, 0, 0, 0, 0.6, 0, 0, 0)

[node name="CSGBox3D" type="CSGBox3D" parent="."]
transform = Transform3D(1, 0, 0, 0, 1, 0, 0, 0, 1, 1, -1.7, -135.625)
material_override = ExtResource("1_hue2w")
use_collision = true
size = Vector3(189.465, 1, 179.533)
material = ExtResource("1_hue2w")

[node name="CSGBox3D32" type="CSGBox3D" parent="."]
transform = Transform3D(1, 0, 0, 0, 1, 0, 0, 0, 1, -58, 27.3, 1342.1)
material_override = ExtResource("1_hue2w")
use_collision = true
size = Vector3(210, 88, 156)
material = ExtResource("1_hue2w")

[node name="CSGBox3D177" type="CSGBox3D" parent="."]
transform = Transform3D(0.966659, -0.00619027, -0.25599, 0.0160737, 0.999203, 0.0365343, 0.255559, -0.039431, 0.965988, -56.8675, 215.442, 1345.96)
material_override = ExtResource("1_hue2w")
use_collision = true
size = Vector3(42.1538, 273.688, 44.2287)
material = ExtResource("1_hue2w")

[node name="CSGBox3D178" type="CSGBox3D" parent="."]
transform = Transform3D(0.838715, -0.00564036, -0.22234, 0.0139462, 0.91044, 0.0317318, 0.221734, -0.0359282, 0.839008, -18.9331, 150.781, 1314.22)
material_override = ExtResource("1_hue2w")
use_collision = true
size = Vector3(42.1538, 273.688, 44.2287)
material = ExtResource("1_hue2w")

[node name="CSGBox3D184" type="CSGBox3D" parent="."]
transform = Transform3D(0.46424, 0.020293, -0.733507, 0.0139462, 0.91044, 0.0317318, 0.732864, -0.0301802, 0.464044, -25.103, 251.886, 1362.28)
material_override = ExtResource("1_hue2w")
use_collision = true
size = Vector3(42.1538, 409.074, 44.2287)
material = ExtResource("1_hue2w")

[node name="CSGBox3D180" type="CSGBox3D" parent="."]
transform = Transform3D(0.841387, -0.0223066, 0.21098, 0.0139462, 0.91044, 0.0317318, -0.211368, -0.0287239, 0.841936, -91.4016, 94.2983, 1309.24)
material_override = ExtResource("1_hue2w")
use_collision = true
size = Vector3(62.8419, 208.369, 64.5517)
material = ExtResource("1_hue2w")

[node name="CSGBox3D179" type="CSGBox3D" parent="."]
transform = Transform3D(0.615481, 0.0130794, -0.612056, 0.0139462, 0.91044, 0.0317318, 0.611385, -0.0339349, 0.615432, -77.9236, 123.989, 1329.75)
material_override = ExtResource("1_hue2w")
use_collision = true
size = Vector3(77.8987, 234.311, 105.504)
material = ExtResource("1_hue2w")

[node name="CSGBox3D181" type="CSGBox3D" parent="."]
transform = Transform3D(0.00260851, 0.0285084, -0.780845, 0.0125595, 0.780747, 0.0285468, 0.781264, -0.0126463, 0.00214817, -4.91132, 180.849, 1363.16)
material_override = ExtResource("1_hue2w")
use_collision = true
size = Vector3(42.1538, 273.688, 44.2287)
material = ExtResource("1_hue2w")

[node name="CSGBox3D182" type="CSGBox3D" parent="."]
transform = Transform3D(0.00226323, 0.0259759, -0.678202, 0.0108971, 0.71139, 0.0247943, 0.677858, -0.0115229, 0.00186576, 26.7165, 151.56, 1385.37)
material_override = ExtResource("1_hue2w")
use_collision = true
size = Vector3(42.1538, 273.688, 44.2287)
material = ExtResource("1_hue2w")

[node name="CSGBox3D183" type="CSGBox3D" parent="."]
transform = Transform3D(-0.336969, 0.0282573, -0.588273, 0.0108971, 0.71139, 0.0247943, 0.588174, 0.00300884, -0.337485, 3.06785, 130.626, 1343.99)
material_override = ExtResource("1_hue2w")
use_collision = true
size = Vector3(77.8987, 234.311, 105.504)
material = ExtResource("1_hue2w")

[node name="CSGBox3D11" type="CSGBox3D" parent="."]
transform = Transform3D(1, 0, 0, 0, 1, 0, 0, 0, 1, -221, -9, 107)
material_override = ExtResource("1_hue2w")
use_collision = true
size = Vector3(218, 1, 204)
material = ExtResource("1_hue2w")

[node name="CSGBox3D13" type="CSGBox3D" parent="."]
transform = Transform3D(0.766044, 0, -0.642788, 0, 1, 0, 0.642788, 0, 0.766044, -224.69, -9, 229.273)
material_override = ExtResource("1_hue2w")
use_collision = true
size = Vector3(78, 10, 52)
material = ExtResource("1_hue2w")

[node name="CSGBox3D14" type="CSGBox3D" parent="."]
transform = Transform3D(0.866025, 0, -0.5, 0, 1, 0, 0.5, 0, 0.866025, -284.525, -9, 187.484)
material_override = ExtResource("1_hue2w")
use_collision = true
size = Vector3(78, 10, 52)
material = ExtResource("1_hue2w")

[node name="CSGBox3D15" type="CSGBox3D" parent="."]
transform = Transform3D(0.866025, 0.0868241, -0.492404, 0, 0.984808, 0.173648, 0.5, -0.150384, 0.852868, -303.393, -4.84808, 220.165)
material_override = ExtResource("1_hue2w")
use_collision = true
size = Vector3(78, 10, 52)
material = ExtResource("1_hue2w")

[node name="CSGBox3D17" type="CSGBox3D" parent="."]
transform = Transform3D(0.901077, 0, -0.433659, 0, 1, 0, 0.433659, 0, 0.901077, -270.393, 4.2416, 314.307)
material_override = ExtResource("1_hue2w")
use_collision = true
size = Vector3(222, 10, 102)
material = ExtResource("1_hue2w")

[node name="CSGBox3D19" type="CSGBox3D" parent="."]
transform = Transform3D(-0.0125385, 0.00600945, -0.999903, -0.0272459, 0.999609, 0.0063493, 0.99955, 0.0273228, -0.0123698, -50.1924, 8.12009, 319.362)
material_override = ExtResource("1_hue2w")
use_collision = true
size = Vector3(144, 34, 90)
material = ExtResource("1_hue2w")

[node name="CSGBox3D20" type="CSGBox3D" parent="."]
transform = Transform3D(-0.98531, 0.0128764, -0.170286, 0.00845434, 0.999609, 0.0266678, 0.170562, 0.0248365, -0.985034, 42.1054, 6.65022, 377.839)
material_override = ExtResource("1_hue2w")
use_collision = true
size = Vector3(166, 34, 88)
material = ExtResource("1_hue2w")

[node name="CSGBox3D24" type="CSGBox3D" parent="."]
transform = Transform3D(0.00349064, 0, 0.999994, 0, 1, 0, -0.999994, 0, 0.00349064, 210.105, 9.65022, 396.506)
material_override = ExtResource("1_hue2w")
use_collision = true
size = Vector3(512, 34, 64)
material = ExtResource("1_hue2w")

[node name="CSGBox3D28" type="CSGBox3D" parent="."]
transform = Transform3D(-0.188745, 0, 0.982026, 0, 1, 0, -0.982026, 0, -0.188745, -309.561, 9.65022, 686.839)
material_override = ExtResource("1_hue2w")
use_collision = true
size = Vector3(390, 34, 286)
material = ExtResource("1_hue2w")

[node name="CSGBox3D29" type="CSGBox3D" parent="."]
transform = Transform3D(-0.899713, 0, -0.436481, 0, 1, 0, 0.436481, 0, -0.899713, -256.895, 9.65022, 871.839)
material_override = ExtResource("1_hue2w")
use_collision = true
size = Vector3(272, 34, 212)
material = ExtResource("1_hue2w")

[node name="CSGBox3D30" type="CSGBox3D" parent="."]
transform = Transform3D(-0.998655, -0.0108513, 0.0507087, -0.0110559, 0.999932, -0.00375658, -0.0506644, -0.00431215, -0.998706, -64.8946, 12.6502, 963.839)
material_override = ExtResource("1_hue2w")
use_collision = true
size = Vector3(514, 34, 122)
material = ExtResource("1_hue2w")

[node name="CSGBox3D25" type="CSGBox3D" parent="."]
transform = Transform3D(0.00349064, 0, 0.999994, 0, 1, 0, -0.999994, 0, 0.00349064, 92.972, 9.65022, 686.406)
material_override = ExtResource("1_hue2w")
use_collision = true
size = Vector3(76, 34, 296)
material = ExtResource("1_hue2w")

[node name="CSGBox3D26" type="CSGBox3D" parent="."]
transform = Transform3D(0.00349064, 0, 0.999994, 0, 1, 0, -0.999994, 0, 0.00349064, -32.6946, 9.65022, 520.073)
material_override = ExtResource("1_hue2w")
use_collision = true
size = Vector3(50, 34, 428)
material = ExtResource("1_hue2w")

[node name="CSGBox3D27" type="CSGBox3D" parent="."]
transform = Transform3D(-0.551626, 0, 0.834091, 0, 1, 0, -0.834091, 0, -0.551626, 168.305, 9.65022, 496.739)
material_override = ExtResource("1_hue2w")
use_collision = true
size = Vector3(26, 34, 40)
material = ExtResource("1_hue2w")

[node name="CSGBox3D84" type="CSGBox3D" parent="."]
transform = Transform3D(-0.998157, 0, -0.0606766, 0, 1, 0, 0.0606766, 0, -0.998157, 55.7333, 14.4234, 527.017)
material_override = ExtResource("1_hue2w")
use_collision = true
size = Vector3(26, 34, 40)
material = ExtResource("1_hue2w")

[node name="CSGBox3D94" type="CSGBox3D" parent="."]
transform = Transform3D(-0.998156, 0, -0.0606766, 0, 0.999999, 0, 0.0606766, 0, -0.998156, -144.942, 12.2483, 516.557)
material_override = ExtResource("1_hue2w")
use_collision = true
size = Vector3(26, 34, 40)
material = ExtResource("1_hue2w")

[node name="CSGBox3D102" type="CSGBox3D" parent="."]
transform = Transform3D(-0.998156, 0, -0.0606766, 0, 0.999999, 0, 0.0606766, 0, -0.998156, -180.226, 28.915, 541.246)
material_override = ExtResource("1_hue2w")
use_collision = true
size = Vector3(26, 34, 14)
material = ExtResource("1_hue2w")

[node name="CSGBox3D146" type="CSGBox3D" parent="."]
transform = Transform3D(-0.979849, 0, 0.199733, 0, 0.999999, 0, -0.199733, 0, -0.979849, -183.559, 38.915, 561.246)
material_override = ExtResource("1_hue2w")
use_collision = true
size = Vector3(20, 34, 38)
material = ExtResource("1_hue2w")

[node name="CSGBox3D99" type="CSGBox3D" parent="."]
transform = Transform3D(-0.97985, 0, 0.199733, 0, 0.999999, 0, -0.199733, 0, -0.97985, -162.865, 15.5817, 514.57)
material_override = ExtResource("1_hue2w")
use_collision = true
size = Vector3(26, 34, 40)
material = ExtResource("1_hue2w")

[node name="CSGBox3D100" type="CSGBox3D" parent="."]
transform = Transform3D(-0.0606768, 0, 0.998156, 0, 0.999999, 0, -0.998156, 0, -0.0606768, -191.324, 21.2472, 522.993)
material_override = ExtResource("1_hue2w")
use_collision = true
size = Vector3(32, 34, 40)
material = ExtResource("1_hue2w")

[node name="CSGBox3D101" type="CSGBox3D" parent="."]
transform = Transform3D(0.998156, 0, 0.0606767, 0, 0.999999, 0, -0.0606767, 0, 0.998156, -211.492, 15.9946, 532.995)
material_override = ExtResource("1_hue2w")
use_collision = true
size = Vector3(38, 34, 40)
material = ExtResource("1_hue2w")

[node name="CSGBox3D87" type="CSGBox3D" parent="."]
transform = Transform3D(-0.551626, 0, 0.834091, 0, 1, 0, -0.834091, 0, -0.551626, 14.6037, 25.1551, 509.349)
material_override = ExtResource("1_hue2w")
use_collision = true
size = Vector3(18, 18, 19.7197)
material = ExtResource("1_hue2w")

[node name="CSGBox3D92" type="CSGBox3D" parent="."]
transform = Transform3D(-0.0606766, 0, 0.998156, 0, 0.999999, 0, -0.998156, 0, -0.0606766, 4.60372, 21.8217, 516.016)
material_override = ExtResource("1_hue2w")
use_collision = true
size = Vector3(18, 18, 19.7197)
material = ExtResource("1_hue2w")

[node name="CSGBox3D93" type="CSGBox3D" parent="."]
transform = Transform3D(-0.0606766, 0, 0.998156, 0, 0.999999, 0, -0.998156, 0, -0.0606766, -7.93355, 20.1551, 513.568)
material_override = ExtResource("1_hue2w")
use_collision = true
size = Vector3(18, 18, 19.7197)
material = ExtResource("1_hue2w")

[node name="CSGBox3D91" type="CSGBox3D" parent="."]
transform = Transform3D(-0.0606766, 0, 0.998157, 0, 1, 0, -0.998157, 0, -0.0606766, -28.7296, 28.4884, 534.349)
material_override = ExtResource("1_hue2w")
use_collision = true
size = Vector3(8, 36, 6)
material = ExtResource("1_hue2w")

[node name="CSGBox3D95" type="CSGBox3D" parent="."]
transform = Transform3D(-0.3287, 0, 0.944434, 0, 1, 0, -0.944434, 0, -0.3287, -92.0125, 26.8217, 532.24)
material_override = ExtResource("1_hue2w")
use_collision = true
size = Vector3(14, 18, 2)
material = ExtResource("1_hue2w")

[node name="CSGBox3D98" type="CSGBox3D" parent="."]
transform = Transform3D(-0.3287, 0, 0.944434, 0, 1, 0, -0.944434, 0, -0.3287, -114.169, 26.8217, 539.811)
material_override = ExtResource("1_hue2w")
use_collision = true
size = Vector3(14, 18, 2)
material = ExtResource("1_hue2w")

[node name="CSGBox3D97" type="CSGBox3D" parent="."]
transform = Transform3D(0.944434, 0, 0.3287, 0, 1, 0, -0.3287, 0, 0.944434, -101.382, 26.8217, 541.774)
material_override = ExtResource("1_hue2w")
use_collision = true
size = Vector3(22, 18, 2)
material = ExtResource("1_hue2w")

[node name="CSGBox3D88" type="CSGBox3D" parent="."]
transform = Transform3D(-0.0606766, 0, 0.998157, 0, 1, 0, -0.998157, 0, -0.0606766, 7.54101, 21.8217, 533.205)
material_override = ExtResource("1_hue2w")
use_collision = true
size = Vector3(2, 41.1124, 2)
material = ExtResource("1_hue2w")

[node name="CSGBox3D89" type="CSGBox3D" parent="."]
transform = Transform3D(-0.0606766, 0, 0.998157, 0, 1, 0, -0.998157, 0, -0.0606766, -2.80569, 23.1551, 535.408)
material_override = ExtResource("1_hue2w")
use_collision = true
size = Vector3(2, 41.1124, 2)
material = ExtResource("1_hue2w")

[node name="CSGBox3D90" type="CSGBox3D" parent="."]
transform = Transform3D(-0.0606766, 0, 0.998157, 0, 1, 0, -0.998157, 0, -0.0606766, -14.4724, 21.4884, 532.075)
material_override = ExtResource("1_hue2w")
use_collision = true
size = Vector3(2, 41.1124, 2)
material = ExtResource("1_hue2w")

[node name="CSGBox3D85" type="CSGBox3D" parent="."]
transform = Transform3D(0.000752898, 0, 0.999999, 0, 1, 0, -0.999999, 0, 0.000752898, 36.8938, 18.9959, 508.862)
material_override = ExtResource("1_hue2w")
use_collision = true
size = Vector3(26, 34, 40)
material = ExtResource("1_hue2w")

[node name="CSGBox3D86" type="CSGBox3D" parent="."]
transform = Transform3D(0.998157, 0, 0.0606765, 0, 1, 0, -0.0606765, 0, 0.998157, 32.3078, 21.8384, 527.148)
material_override = ExtResource("1_hue2w")
use_collision = true
size = Vector3(28.6179, 34, 25.8753)
material = ExtResource("1_hue2w")

[node name="CSGBox3D185" type="CSGBox3D" parent="."]
transform = Transform3D(0.998157, 0, 0.0606765, 0, 1, 0, -0.0606765, 0, 0.998157, 25.9466, 21.8383, 542.611)
material_override = ExtResource("1_hue2w")
use_collision = true
size = Vector3(13.9741, 34, 5.93062)
material = ExtResource("1_hue2w")

[node name="CSGBox3D21" type="CSGBox3D" parent="."]
transform = Transform3D(-0.907664, 0.0128764, -0.4195, 0.00126412, 0.999609, 0.0279473, 0.419696, 0.0248365, -0.907325, 76.1189, 7.76602, 303.126)
material_override = ExtResource("1_hue2w")
use_collision = true
size = Vector3(286, 34, 110)
material = ExtResource("1_hue2w")

[node name="CSGBox3D18" type="CSGBox3D" parent="."]
transform = Transform3D(0.985884, -0.166863, -0.0137649, 0.166702, 0.985933, -0.0121059, 0.0155913, 0.00964029, 0.999832, -151.821, 11.0134, 348.134)
material_override = ExtResource("1_hue2w")
use_collision = true
size = Vector3(124, 10, 82)
material = ExtResource("1_hue2w")

[node name="CSGBox3D16" type="CSGBox3D" parent="."]
transform = Transform3D(0.707668, 0.0976105, -0.699769, 0.0299434, 0.985378, 0.167731, 0.70591, -0.139652, 0.694398, -249.646, -3.65621, 259.001)
material_override = ExtResource("1_hue2w")
use_collision = true
size = Vector3(78, 10, 52)
material = ExtResource("1_hue2w")

[node name="CSGBox3D12" type="CSGBox3D" parent="."]
transform = Transform3D(0.458282, 0, -0.888807, 0, 1, 0, 0.888807, 0, 0.458282, -188.11, -9, 167.915)
material_override = ExtResource("1_hue2w")
use_collision = true
size = Vector3(144, 1, 100)
material = ExtResource("1_hue2w")

[node name="CSGBox3D3" type="CSGBox3D" parent="."]
transform = Transform3D(1, 0, 0, 0, 1, 0, 0, 0, 1, -5, -5.38206, 87.1751)
material_override = ExtResource("1_hue2w")
use_collision = true
size = Vector3(104, 1, 148)
material = ExtResource("1_hue2w")

[node name="CSGBox3D22" type="CSGBox3D" parent="."]
transform = Transform3D(0.946035, 0, 0.324063, 0, 1, 0, -0.324063, 0, 0.946035, 64.2406, -5.38206, 97.6355)
use_collision = true
size = Vector3(76, 1, 110)
material = ExtResource("1_hue2w")

[node name="CSGBox3D23" type="CSGBox3D" parent="."]
transform = Transform3D(0.981322, 0, -0.192371, 0, 1, 0, 0.192371, 0, 0.981322, 72.8771, -5.38206, 73.999)
use_collision = true
size = Vector3(76, 1, 110)
material = ExtResource("1_hue2w")

[node name="CSGBox3D4" type="CSGBox3D" parent="."]
transform = Transform3D(0.8089, -0.0124821, -0.587813, 0.0102092, 0.999922, -0.00718398, 0.587857, -0.000190001, 0.808965, -35.9686, -3.4331, 151.905)
material_override = ExtResource("1_hue2w")
use_collision = true
size = Vector3(50, 4, 48.903)
material = ExtResource("1_hue2w")

[node name="CSGBox3D50" type="CSGBox3D" parent="."]
transform = Transform3D(0.0770594, -0.00794974, -0.996995, 0.0102092, 0.999922, -0.00718398, 0.996974, -0.00962496, 0.0771346, 101.108, 3.86903, 129.406)
material_override = ExtResource("1_hue2w")
use_collision = true
size = Vector3(23.5869, 21.9662, 24.8563)
material = ExtResource("1_hue2w")

[node name="CSGBox3D51" type="CSGBox3D" parent="."]
transform = Transform3D(-0.747549, 0.00286054, -0.6642, 0.0102092, 0.999922, -0.00718398, 0.664127, -0.0121514, -0.74752, 92.6047, 0.952426, 118.069)
material_override = ExtResource("1_hue2w")
use_collision = true
size = Vector3(23.5869, 21.9662, 24.8563)
material = ExtResource("1_hue2w")

[node name="CSGBox3D52" type="CSGBox3D" parent="."]
transform = Transform3D(-0.998206, 0.010615, 0.0589166, 0.0102092, 0.999922, -0.00718398, -0.0589884, -0.0065696, -0.998237, 89.2712, -2.15277, 103.413)
use_collision = true
size = Vector3(23.5869, 21.9662, 24.8563)
material = ExtResource("1_hue2w")

[node name="CSGBox3D62" type="CSGBox3D" parent="."]
transform = Transform3D(-0.201376, 0.00909311, 0.979471, 0.0102092, 0.999922, -0.00718398, -0.97946, 0.00855298, -0.201454, 75.5323, -2.15277, 131.251)
material_override = ExtResource("1_hue2w")
use_collision = true
size = Vector3(23.5869, 21.9662, 24.8563)
material = ExtResource("1_hue2w")

[node name="CSGBox3D63" type="CSGBox3D" parent="."]
transform = Transform3D(-0.184071, 0.00894086, 0.982872, 0.0102092, 0.999922, -0.00718398, -0.98286, 0.00871201, -0.184148, 51.2364, -5.4468, 132.222)
material_override = ExtResource("1_hue2w")
use_collision = true
size = Vector3(12.0466, 21.9662, 24.8563)
material = ExtResource("1_hue2w")

[node name="CSGBox3D53" type="CSGBox3D" parent="."]
transform = Transform3D(-0.550188, -0.000381941, -0.83504, 0.0102092, 0.999922, -0.00718398, 0.834978, -0.0124777, -0.550142, 34.9644, -2.15277, 73.4813)
material_override = ExtResource("1_hue2w")
use_collision = true
size = Vector3(23.5869, 21.9662, 24.8563)
material = ExtResource("1_hue2w")

[node name="CSGBox3D54" type="CSGBox3D" parent="."]
transform = Transform3D(-0.803387, 0.00392463, -0.595443, 0.0102092, 0.999922, -0.00718398, 0.595368, -0.0118505, -0.803365, 20.3379, -2.15277, 89.4079)
material_override = ExtResource("1_hue2w")
use_collision = true
size = Vector3(37.7098, 47.1421, 19.1074)
material = ExtResource("1_hue2w")

[node name="CSGBox3D56" type="CSGBox3D" parent="."]
transform = Transform3D(-0.376044, -0.00281776, -0.926597, 0.0102092, 0.999922, -0.00718398, 0.926545, -0.0121613, -0.375986, 13.4256, -2.15277, 108.041)
material_override = ExtResource("1_hue2w")
use_collision = true
size = Vector3(17.6369, 27.6014, 19.1074)
material = ExtResource("1_hue2w")

[node name="CSGBox3D58" type="CSGBox3D" parent="."]
transform = Transform3D(-0.963472, 0.00791387, -0.267688, 0.0102092, 0.999922, -0.00718399, 0.26761, -0.00965446, -0.963479, 30.0303, -2.15277, 110.168)
material_override = ExtResource("1_hue2w")
use_collision = true
size = Vector3(17.6369, 42.9246, 43.369)
material = ExtResource("1_hue2w")

[node name="CSGBox3D59" type="CSGBox3D" parent="."]
transform = Transform3D(0.0607383, -0.0077912, -0.998123, 0.0102092, 0.999922, -0.00718398, 0.9981, -0.00975372, 0.0608132, 49.104, -3.11274, 70.1599)
material_override = ExtResource("1_hue2w")
use_collision = true
size = Vector3(15.9509, 15.4539, 13.9039)
material = ExtResource("1_hue2w")

[node name="CSGBox3D60" type="CSGBox3D" parent="."]
transform = Transform3D(0.551651, -0.0116242, -0.833993, 0.0102092, 0.999922, -0.00718398, 0.834011, -0.00455137, 0.551727, 58.6774, -3.11274, 67.2032)
material_override = ExtResource("1_hue2w")
use_collision = true
size = Vector3(15.9509, 9.80588, 13.9039)
material = ExtResource("1_hue2w")

[node name="CSGBox3D61" type="CSGBox3D" parent="."]
transform = Transform3D(0.382803, -0.0105453, -0.923769, 0.0102092, 0.999922, -0.00718398, 0.923772, -0.00668092, 0.382881, 81.7933, -4.27556, 65.9669)
material_override = ExtResource("1_hue2w")
use_collision = true
size = Vector3(10.6921, 6.54764, 9.03814)
material = ExtResource("1_hue2w")

[node name="CSGBox3D55" type="CSGBox3D" parent="."]
transform = Transform3D(-0.550188, -0.000381941, -0.83504, 0.0102092, 0.999922, -0.00718398, 0.834978, -0.0124777, -0.550142, 55.9094, -2.15277, 83.5128)
material_override = ExtResource("1_hue2w")
use_collision = true
size = Vector3(4.02429, 25.3745, 3.58934)
material = ExtResource("1_hue2w")

[node name="CSGBox3D57" type="CSGBox3D" parent="."]
transform = Transform3D(-0.519348, -0.000837078, -0.854562, 0.0102092, 0.999922, -0.00718398, 0.854501, -0.0124554, -0.519299, 68.266, -2.15277, 89.3774)
use_collision = true
size = Vector3(4.87368, 25.3745, 5.42772)
material = ExtResource("1_hue2w")

[node name="CSGBox3D5" type="CSGBox3D" parent="."]
transform = Transform3D(-0.737907, -0.0124821, -0.674787, -0.0090831, 0.999922, -0.00856361, 0.674841, -0.000190001, -0.737963, -60.9421, -1.47238, 170.693)
material_override = ExtResource("1_hue2w")
use_collision = true
size = Vector3(44, 6, 62)
material = ExtResource("1_hue2w")

[node name="CSGBox3D33" type="CSGBox3D" parent="."]
transform = Transform3D(-0.998964, -0.00869181, 0.0446725, -0.0090831, 0.999922, -0.00856362, -0.0445943, -0.00896051, -0.998965, -60.9421, 3.52762, 114.026)
material_override = ExtResource("1_hue2w")
use_collision = true
size = Vector3(24, 18, 46)
material = ExtResource("1_hue2w")

[node name="CSGBox3D36" type="CSGBox3D" parent="."]
transform = Transform3D(-0.998964, -0.00869181, 0.0446725, -0.0090831, 0.999922, -0.00856362, -0.0445943, -0.00896051, -0.998965, 114.058, 3.52762, 94.0264)
material_override = ExtResource("1_hue2w")
use_collision = true
size = Vector3(24, 30, 32)
material = ExtResource("1_hue2w")

[node name="CSGBox3D39" type="CSGBox3D" parent="."]
transform = Transform3D(-0.998964, -0.00869181, 0.0446725, -0.0090831, 0.999922, -0.00856362, -0.0445943, -0.00896051, -0.998965, 2.39122, 3.52762, 172.36)
material_override = ExtResource("1_hue2w")
use_collision = true
size = Vector3(24, 30, 32)
material = ExtResource("1_hue2w")

[node name="CSGBox3D37" type="CSGBox3D" parent="."]
transform = Transform3D(0.301626, 0.0109048, 0.953364, -0.0090831, 0.999922, -0.00856362, -0.953383, -0.00607649, 0.301701, 69.0579, 3.52762, 155.693)
material_override = ExtResource("1_hue2w")
use_collision = true
size = Vector3(26, 30, 32)
material = ExtResource("1_hue2w")

[node name="CSGBox3D64" type="CSGBox3D" parent="."]
transform = Transform3D(0.511673, 0.0120055, 0.859095, -0.00908309, 0.999921, -0.00856361, -0.859132, -0.00342148, 0.511743, 43.3146, 3.52763, 155.62)
material_override = ExtResource("1_hue2w")
use_collision = true
size = Vector3(26, 30, 19.5579)
material = ExtResource("1_hue2w")

[node name="CSGBox3D65" type="CSGBox3D" parent="."]
transform = Transform3D(0.980904, 0.0105735, 0.1942, -0.00908309, 0.999921, -0.00856361, -0.194276, 0.00663614, 0.980924, 43.5902, -0.396944, 148.109)
material_override = ExtResource("1_hue2w")
use_collision = true
size = Vector3(26, 24.8927, 19.5579)
material = ExtResource("1_hue2w")

[node name="CSGBox3D40" type="CSGBox3D" parent="."]
transform = Transform3D(0.887425, 0.0120076, 0.460795, -0.0090831, 0.999922, -0.00856362, -0.460862, 0.00341412, 0.887465, 84.0579, 3.52762, 152.36)
material_override = ExtResource("1_hue2w")
use_collision = true
size = Vector3(26, 42, 32)
material = ExtResource("1_hue2w")

[node name="CSGBox3D80" type="CSGBox3D" parent="."]
transform = Transform3D(0.645906, 0.0122142, -0.763319, -0.00592092, 0.999922, 0.01099, 0.763393, -0.00257897, 0.645928, 156.162, 22.4838, 482.024)
material_override = ExtResource("1_hue2w")
use_collision = true
size = Vector3(26, 22.3408, 32)
material = ExtResource("1_hue2w")

[node name="CSGBox3D81" type="CSGBox3D" parent="."]
transform = Transform3D(0.999798, 0.0107325, -0.0169443, -0.0106227, 0.999922, 0.00655719, 0.0170135, -0.00637587, 0.999834, 139.723, 22.5923, 493.368)
material_override = ExtResource("1_hue2w")
use_collision = true
size = Vector3(24.9922, 53.3984, 15.2523)
material = ExtResource("1_hue2w")

[node name="CSGBox3D82" type="CSGBox3D" parent="."]
transform = Transform3D(0.857344, 0.0124826, -0.514591, -0.0106227, 0.999922, 0.00655719, 0.514633, -0.000155413, 0.857409, 167.713, 22.5923, 554.13)
material_override = ExtResource("1_hue2w")
use_collision = true
size = Vector3(24.9922, 53.3984, 24.6053)
material = ExtResource("1_hue2w")

[node name="CSGBox3D83" type="CSGBox3D" parent="."]
transform = Transform3D(0.999798, 0.0107325, -0.0169444, -0.0106227, 0.999922, 0.00655719, 0.0170135, -0.00637587, 0.999834, 153.867, 18.6976, 545.415)
material_override = ExtResource("1_hue2w")
use_collision = true
size = Vector3(25.3348, 37.4138, 22.1316)
material = ExtResource("1_hue2w")

[node name="CSGBox3D43" type="CSGBox3D" parent="."]
transform = Transform3D(0.976467, 0.0107148, 0.215401, -0.0090831, 0.999922, -0.00856362, -0.215476, 0.00640558, 0.976488, 107.391, 6.86095, 157.36)
material_override = ExtResource("1_hue2w")
use_collision = true
size = Vector3(26, 42, 32)
material = ExtResource("1_hue2w")

[node name="CSGBox3D41" type="CSGBox3D" parent="."]
transform = Transform3D(0.538102, 0.0121059, 0.842793, -0.0090831, 0.999922, -0.00856362, -0.842831, -0.00304707, 0.53817, 117.391, 3.52762, 109.026)
material_override = ExtResource("1_hue2w")
use_collision = true
size = Vector3(26, 42, 32)
material = ExtResource("1_hue2w")

[node name="CSGBox3D42" type="CSGBox3D" parent="."]
transform = Transform3D(0.998964, 0.0086918, -0.0446724, -0.00908309, 0.999921, -0.00856361, 0.0445943, 0.0089605, 0.998965, 125.725, 10.1943, 144.026)
material_override = ExtResource("1_hue2w")
use_collision = true
size = Vector3(26, 42, 58)
material = ExtResource("1_hue2w")

[node name="CSGBox3D38" type="CSGBox3D" parent="."]
transform = Transform3D(-0.215476, 0.00640558, 0.976488, -0.0090831, 0.999922, -0.00856362, -0.976467, -0.0107148, -0.215401, 37.3912, 3.52762, 165.693)
material_override = ExtResource("1_hue2w")
use_collision = true
size = Vector3(26, 38, 50)
material = ExtResource("1_hue2w")

[node name="CSGBox3D47" type="CSGBox3D" parent="."]
transform = Transform3D(-0.752238, -0.00119027, 0.658889, -0.00908309, 0.999921, -0.00856361, -0.658828, -0.0124266, -0.75219, -12.7946, -13.7283, 176.761)
material_override = ExtResource("1_hue2w")
use_collision = true
size = Vector3(28.8065, 59.2024, 43.4164)
material = ExtResource("1_hue2w")

[node name="CSGBox3D48" type="CSGBox3D" parent="."]
transform = Transform3D(-0.298687, 0.00545998, 0.954335, -0.00908309, 0.999921, -0.00856361, -0.954307, -0.0112262, -0.298614, -49.5964, -13.7283, 202.86)
material_override = ExtResource("1_hue2w")
use_collision = true
size = Vector3(28.8065, 59.2024, 43.4164)
material = ExtResource("1_hue2w")

[node name="CSGBox3D49" type="CSGBox3D" parent="."]
transform = Transform3D(0.677111, 0.0124521, 0.735774, -0.00908309, 0.999921, -0.00856361, -0.735824, -0.000884593, 0.677171, -87.7644, -13.7283, 196.005)
material_override = ExtResource("1_hue2w")
use_collision = true
size = Vector3(37.4254, 95.6917, 43.5512)
material = ExtResource("1_hue2w")

[node name="CSGBox3D66" type="CSGBox3D" parent="."]
transform = Transform3D(0.325542, 0.0124521, 0.945445, -0.00489046, 0.999921, -0.0114857, -0.945514, -0.000884593, 0.325577, -129.296, -13.2167, 189.655)
material_override = ExtResource("1_hue2w")
use_collision = true
size = Vector3(46.4934, 95.6917, 69.0053)
material = ExtResource("1_hue2w")

[node name="CSGBox3D96" type="CSGBox3D" parent="."]
transform = Transform3D(0.828973, 0.0124521, -0.559148, -0.00982856, 0.999921, 0.00769651, 0.559201, -0.000884594, 0.829031, -332.869, 5.96306, 594.584)
material_override = ExtResource("1_hue2w")
use_collision = true
size = Vector3(46.4934, 95.6917, 44)
material = ExtResource("1_hue2w")

[node name="CSGBox3D113" type="CSGBox3D" parent="."]
transform = Transform3D(-0.963894, -0.00372874, 0.266254, -0.000421787, 0.999921, 0.0124763, -0.26628, 0.0119136, -0.963821, -251.986, 15.3086, 619.23)
material_override = ExtResource("1_hue2w")
use_collision = true
size = Vector3(46.4934, 44, 44)
material = ExtResource("1_hue2w")

[node name="CSGBox3D116" type="CSGBox3D" parent="."]
transform = Transform3D(-0.862139, -0.00372874, 0.506656, 0.0028217, 0.999921, 0.0121604, -0.506662, 0.0119136, -0.862061, -255.13, 18.2336, 624.554)
material_override = ExtResource("1_hue2w")
use_collision = true
size = Vector3(22, 44, 22)
material = ExtResource("1_hue2w")

[node name="CSGBox3D114" type="CSGBox3D" parent="."]
transform = Transform3D(-0.429588, -0.00372874, -0.903016, -0.01236, 0.99992, 0.00175109, 0.902939, 0.0119136, -0.4296, -259.294, 10.9364, 615.728)
material_override = ExtResource("1_hue2w")
use_collision = true
size = Vector3(60, 44, 138)
material = ExtResource("1_hue2w")

[node name="CSGBox3D115" type="CSGBox3D" parent="."]
transform = Transform3D(-0.902952, -0.0121818, 0.429563, -0.00982855, 0.99992, 0.0076965, -0.429624, 0.00272761, -0.903002, -266.09, 7.50658, 617.443)
material_override = ExtResource("1_hue2w")
use_collision = true
size = Vector3(148, 44, 94)
material = ExtResource("1_hue2w")

[node name="CSGBox3D103" type="CSGBox3D" parent="."]
transform = Transform3D(0.98155, 0.0124521, 0.190795, -0.0123921, 0.999921, -0.0015076, -0.190798, -0.000884593, 0.981628, -328.064, -3.12662, 561.616)
material_override = ExtResource("1_hue2w")
use_collision = true
size = Vector3(46.4934, 95.6917, 69.0053)
material = ExtResource("1_hue2w")

[node name="CSGBox3D106" type="CSGBox3D" parent="."]
transform = Transform3D(0.438337, 0.0124521, -0.898723, -0.00466351, 0.999921, 0.0115797, 0.898797, -0.000884593, 0.438362, -293.277, -3.60717, 508.124)
material_override = ExtResource("1_hue2w")
use_collision = true
size = Vector3(20, 107.556, 69.0053)
material = ExtResource("1_hue2w")

[node name="CSGBox3D108" type="CSGBox3D" parent="."]
transform = Transform3D(-0.87343, 0.0103415, 0.486836, 0.0056285, 0.99992, -0.0111426, -0.486914, -0.00699213, -0.873421, -289.951, -3.50625, 707.39)
material_override = ExtResource("1_hue2w")
use_collision = true
size = Vector3(20, 100, 40)
material = ExtResource("1_hue2w")

[node name="CSGBox3D110" type="CSGBox3D" parent="."]
transform = Transform3D(-0.438375, 0.0103415, 0.898731, -0.00175111, 0.999921, -0.0123601, -0.898789, -0.00699212, -0.438323, -299.135, -2.79983, 794.827)
material_override = ExtResource("1_hue2w")
use_collision = true
size = Vector3(76.2885, 107.556, 40)
material = ExtResource("1_hue2w")

[node name="CSGBox3D139" type="CSGBox3D" parent="."]
transform = Transform3D(0.656046, 0.0103415, -0.754647, -0.00150756, 0.99992, 0.0123921, 0.754716, -0.00699212, 0.656011, -287.943, 47.0487, 782.399)
material_override = ExtResource("1_hue2w")
use_collision = true
size = Vector3(46, 52, 40)
material = ExtResource("1_hue2w")

[node name="CSGBox3D147" type="CSGBox3D" parent="."]
transform = Transform3D(0.190814, -0.0117988, -0.981553, -0.00175111, 0.999921, -0.0123601, 0.981623, 0.00407729, 0.190779, -184.809, -2.79983, 819.621)
material_override = ExtResource("1_hue2w")
use_collision = true
size = Vector3(76.2885, 107.556, 40)
material = ExtResource("1_hue2w")

[node name="CSGBox3D149" type="CSGBox3D" parent="."]
transform = Transform3D(-0.981623, -0.00407729, -0.190779, -0.00175111, 0.999921, -0.0123601, 0.190814, -0.0117988, -0.981553, -203.143, -4.4665, 786.288)
material_override = ExtResource("1_hue2w")
use_collision = true
size = Vector3(36, 70, 40)
material = ExtResource("1_hue2w")

[node name="CSGBox3D151" type="CSGBox3D" parent="."]
transform = Transform3D(-0.981623, -0.00407729, -0.190779, -0.00175111, 0.999921, -0.0123601, 0.190814, -0.0117988, -0.981553, -211.476, 5.5335, 779.621)
material_override = ExtResource("1_hue2w")
use_collision = true
size = Vector3(8, 58, 16)
material = ExtResource("1_hue2w")

[node name="CSGBox3D150" type="CSGBox3D" parent="."]
transform = Transform3D(-0.981623, -0.00407729, -0.190779, -0.00175111, 0.999921, -0.0123601, 0.190814, -0.0117988, -0.981553, -193.143, 3.86684, 762.954)
material_override = ExtResource("1_hue2w")
use_collision = true
size = Vector3(36, 70, 40)
material = ExtResource("1_hue2w")

[node name="CSGBox3D148" type="CSGBox3D" parent="."]
transform = Transform3D(-0.438356, -0.0117988, 0.898721, -0.00150756, 0.99992, 0.0123921, -0.898797, 0.00407729, -0.438341, -162.17, 47.0487, 853.729)
material_override = ExtResource("1_hue2w")
use_collision = true
size = Vector3(46, 52, 40)
material = ExtResource("1_hue2w")

[node name="CSGBox3D154" type="CSGBox3D" parent="."]
transform = Transform3D(0.190814, -0.0117988, -0.981553, -0.00175111, 0.999921, -0.0123601, 0.981623, 0.00407729, 0.190779, -279.809, -2.79983, 944.621)
material_override = ExtResource("1_hue2w")
use_collision = true
size = Vector3(76.2885, 107.556, 40)
material = ExtResource("1_hue2w")

[node name="CSGBox3D155" type="CSGBox3D" parent="."]
transform = Transform3D(-0.438356, -0.0117988, 0.898721, -0.00150756, 0.99992, 0.0123921, -0.898797, 0.00407729, -0.438341, -257.17, 47.0487, 978.728)
material_override = ExtResource("1_hue2w")
use_collision = true
size = Vector3(46, 52, 40)
material = ExtResource("1_hue2w")

[node name="CSGBox3D152" type="CSGBox3D" parent="."]
transform = Transform3D(0.829038, -0.00545996, -0.559162, -0.00175111, 0.999921, -0.0123601, 0.559186, 0.0112261, 0.828964, -118.553, -2.79983, 879.287)
material_override = ExtResource("1_hue2w")
use_collision = true
size = Vector3(76.2885, 107.556, 40)
material = ExtResource("1_hue2w")

[node name="CSGBox3D167" type="CSGBox3D" parent="."]
transform = Transform3D(0.94551, 0.00545996, -0.325538, -0.00150756, 0.99992, 0.0123921, 0.325581, -0.0112261, 0.945445, 36.1331, 47.0487, 899.865)
material_override = ExtResource("1_hue2w")
use_collision = true
size = Vector3(54.622, 52, 40)
material = ExtResource("1_hue2w")

[node name="CSGBox3D168" type="CSGBox3D" parent="."]
transform = Transform3D(-0.997561, -0.000884595, 0.0697662, -0.00175111, 0.999921, -0.0123601, -0.0697505, -0.0124521, -0.997485, -25.6375, -2.79983, 893.012)
material_override = ExtResource("1_hue2w")
use_collision = true
size = Vector3(76.2885, 107.556, 40)
material = ExtResource("1_hue2w")

[node name="CSGBox3D156" type="CSGBox3D" parent="."]
transform = Transform3D(-0.829026, -0.00817944, 0.559145, -0.00150756, 0.99992, 0.0123921, -0.559203, 0.00943045, -0.828975, -225.637, 33.7154, 1001.34)
material_override = ExtResource("1_hue2w")
use_collision = true
size = Vector3(46, 52, 40)
material = ExtResource("1_hue2w")

[node name="CSGBox3D157" type="CSGBox3D" parent="."]
transform = Transform3D(0.997561, 0.000884592, -0.0697663, -0.00175111, 0.999921, -0.01236, 0.0697506, 0.0124521, 0.997484, -175.085, -6.13316, 1001.67)
material_override = ExtResource("1_hue2w")
use_collision = true
size = Vector3(76.2885, 107.556, 40)
material = ExtResource("1_hue2w")

[node name="CSGBox3D169" type="CSGBox3D" parent="."]
transform = Transform3D(0.656061, -0.00817945, -0.75466, -0.00175111, 0.999921, -0.01236, 0.754703, 0.00943045, 0.655996, -123.418, -6.13316, 1020)
material_override = ExtResource("1_hue2w")
use_collision = true
size = Vector3(76.2885, 107.556, 40)
material = ExtResource("1_hue2w")

[node name="CSGBox3D170" type="CSGBox3D" parent="."]
transform = Transform3D(-0.325561, -0.0122567, -0.945439, -0.00175111, 0.999921, -0.01236, 0.945517, -0.00236839, -0.325557, -105.946, 31.6854, 1037.52)
material_override = ExtResource("1_hue2w")
use_collision = true
size = Vector3(53.4177, 100.989, 52.0777)
material = ExtResource("1_hue2w")

[node name="CSGBox3D171" type="CSGBox3D" parent="."]
transform = Transform3D(0.00461604, -0.0123518, -0.99991, -0.00175111, 0.999921, -0.01236, 0.999985, 0.00180801, 0.00459461, -9.01466, 10.8972, 1073.7)
material_override = ExtResource("1_hue2w")
use_collision = true
size = Vector3(101.382, 100.989, 52.0777)
material = ExtResource("1_hue2w")

[node name="CSGBox3D172" type="CSGBox3D" parent="."]
transform = Transform3D(0.276108, -0.0113961, -0.961056, -0.00175111, 0.999921, -0.01236, 0.961122, 0.00509563, 0.276067, 0.226241, 43.1662, 1142.81)
material_override = ExtResource("1_hue2w")
use_collision = true
size = Vector3(64.4412, 100.989, 60.1497)
material = ExtResource("1_hue2w")

[node name="CSGBox3D153" type="CSGBox3D" parent="."]
transform = Transform3D(-0.94551, -0.00545996, 0.325538, -0.00150756, 0.99992, 0.0123921, -0.325581, 0.0112261, -0.945445, -78.4264, 47.0487, 887.396)
material_override = ExtResource("1_hue2w")
use_collision = true
size = Vector3(46, 52, 40)
material = ExtResource("1_hue2w")

[node name="CSGBox3D137" type="CSGBox3D" parent="."]
transform = Transform3D(0.559186, 0.0112261, 0.828964, -0.00175111, 0.999921, -0.0123601, -0.829038, 0.00545996, 0.559162, -329.135, 2.20017, 851.494)
material_override = ExtResource("1_hue2w")
use_collision = true
size = Vector3(76.2885, 84, 40)
material = ExtResource("1_hue2w")

[node name="CSGBox3D138" type="CSGBox3D" parent="."]
transform = Transform3D(0.829038, -0.00545993, -0.559162, -0.00175112, 0.99992, -0.0123601, 0.559186, 0.0112261, 0.828964, -348.428, 43.3568, 835.585)
material_override = ExtResource("1_hue2w")
use_collision = true
size = Vector3(36, 8, 16)
material = ExtResource("1_hue2w")

[node name="CSGBox3D111" type="CSGBox3D" parent="."]
transform = Transform3D(-0.190794, 0.0124521, 0.981549, 0.00150757, 0.999921, -0.0123921, -0.981627, -0.000884593, -0.190799, -371.986, 25.8377, 816.979)
material_override = ExtResource("1_hue2w")
use_collision = true
size = Vector3(40, 18, 40)
material = ExtResource("1_hue2w")

[node name="CSGBox3D112" type="CSGBox3D" parent="."]
transform = Transform3D(-0.190794, 0.0124521, 0.981549, 0.00150757, 0.999921, -0.0123921, -0.981627, -0.000884593, -0.190799, -371.681, 43.69, 817.058)
material_override = ExtResource("1_hue2w")
use_collision = true
size = Vector3(12, 18, 12)
material = ExtResource("1_hue2w")

[node name="CSGBox3D117" type="CSGBox3D" parent="."]
transform = Transform3D(-0.190794, 0.0124521, 0.981549, 0.00150757, 0.999921, -0.0123921, -0.981627, -0.000884593, -0.190799, -375.202, 36.6631, 801.061)
material_override = ExtResource("1_hue2w")
use_collision = true
size = Vector3(2, 18, 2)
material = ExtResource("1_hue2w")

[node name="CSGBox3D118" type="CSGBox3D" parent="."]
transform = Transform3D(-0.190794, 0.0124521, 0.981549, 0.00150757, 0.999921, -0.0123921, -0.981627, -0.000884593, -0.190799, -380.2, 33.7571, 775.542)
material_override = ExtResource("1_hue2w")
use_collision = true
size = Vector3(2, 18, 2)
material = ExtResource("1_hue2w")

[node name="CSGBox3D120" type="CSGBox3D" parent="."]
transform = Transform3D(0.0697506, 0.0124521, 0.997485, -0.00175111, 0.999921, -0.0123601, -0.997561, -0.000884593, 0.0697662, -377.61, 30.7124, 760.02)
material_override = ExtResource("1_hue2w")
use_collision = true
size = Vector3(4, 20, 4)
material = ExtResource("1_hue2w")

[node name="CSGBox3D132" type="CSGBox3D" parent="."]
transform = Transform3D(0.654118, 0.185886, 0.733194, -0.26049, 0.965396, -0.0123601, -0.71012, -0.182905, 0.679905, -377.61, 30.7124, 741.686)
material_override = ExtResource("1_hue2w")
use_collision = true
size = Vector3(4, 20, 4)
material = ExtResource("1_hue2w")

[node name="CSGBox3D123" type="CSGBox3D" parent="."]
transform = Transform3D(0.864414, -0.498663, -0.06419, 0.0705967, -0.00602484, 0.997485, -0.497796, -0.866774, 0.0299957, -352.305, 29.1054, 725.001)
material_override = ExtResource("1_hue2w")
use_collision = true
size = Vector3(8, 20, 6)
material = ExtResource("1_hue2w")

[node name="CSGBox3D133" type="CSGBox3D" parent="."]
transform = Transform3D(-0.255969, -0.964938, 0.058072, 0.0541798, 0.0456587, 0.997485, -0.965163, 0.258472, 0.0405923, -351.088, 26.5282, 737.32)
material_override = ExtResource("1_hue2w")
use_collision = true
size = Vector3(18, 20, 16)
material = ExtResource("1_hue2w")

