[gd_scene load_steps=41 format=3 uid="uid://by630drr6wlla"]

[ext_resource type="PackedScene" uid="uid://dwx5xco1rkykb" path="res://Preset Scenes/Player/player.tscn" id="1_7jqna"]
[ext_resource type="Material" uid="uid://bgex8oqfljbhj" path="res://Materials/Blockout/BasicGrid.tres" id="2_yq3st"]
[ext_resource type="PackedScene" uid="uid://dc0kc8g27x3a" path="res://Preset Scenes/Interactables/Chest.tscn" id="3_j8oyw"]
[ext_resource type="PackedScene" uid="uid://ctearq8xjvskc" path="res://Preset Scenes/CSG/csg_fence.tscn" id="3_uoyy3"]
[ext_resource type="Resource" uid="uid://c5p83d1fy10ud" path="res://Assets/Resources/Inventory Items/Test_Item.tres" id="4_8mtcf"]
[ext_resource type="PackedScene" uid="uid://clhx2tcolc8qr" path="res://Preset Scenes/CSG/csg_tree.tscn" id="4_qovda"]
[ext_resource type="Script" path="res://Scripts/ResourceScripts/InventorySlotResource.gd" id="5_f1v5g"]
[ext_resource type="Resource" uid="uid://b8e3mc6enlhik" path="res://Assets/Resources/Inventory Items/Apple.tres" id="6_0swu6"]
[ext_resource type="PackedScene" uid="uid://bde302mhub426" path="res://Preset Scenes/NPCs/DefaultEnemy.tscn" id="7_xsxpm"]
[ext_resource type="PackedScene" uid="uid://4ugwd1jjvx5q" path="res://Preset Scenes/Interactables/BreakableDropObject.tscn" id="8_q8hjy"]
[ext_resource type="PackedScene" uid="uid://xxg4nmt8hmb0" path="res://Preset Scenes/Interactables/BreakableObjectPresets/breakable_small_bush.tscn" id="9_w7bj5"]
[ext_resource type="PackedScene" uid="uid://bokyijdwf0qby" path="res://Preset Scenes/Models/landscape_level_1.tscn" id="12_ef0d4"]
[ext_resource type="PackedScene" uid="uid://g7hracr6wmlc" path="res://Preset Scenes/Models/Environment Objects/rock_03.tscn" id="13_yy1ik"]
[ext_resource type="PackedScene" uid="uid://1fapwt5djrb7" path="res://Preset Scenes/Models/Environment Objects/rock_01.tscn" id="14_xacik"]
[ext_resource type="PackedScene" uid="uid://b43nubvssrmas" path="res://Preset Scenes/Models/Environment Objects/rock_04.tscn" id="15_gxohc"]
[ext_resource type="PackedScene" uid="uid://c2d5w52cm4i4t" path="res://Preset Scenes/Models/Environment Objects/landscape_layer_1.tscn" id="16_v0nlp"]
[ext_resource type="PackedScene" uid="uid://21yhvegjoesi" path="res://Preset Scenes/Models/Environment Objects/landscape_layer_2.tscn" id="17_4jsge"]
[ext_resource type="PackedScene" uid="uid://8y31newi8ikf" path="res://Preset Scenes/Models/Environment Objects/landscape_layer_3.tscn" id="18_xtb58"]
[ext_resource type="PackedScene" uid="uid://dlgo2np21hwwu" path="res://Preset Scenes/Models/Environment Objects/rock_03_no_collision.tscn" id="19_tvw5c"]
[ext_resource type="PackedScene" uid="uid://drg6dw1erwi6x" path="res://Preset Scenes/Models/Environment Objects/rock_04_no_collision.tscn" id="20_7x7of"]
[ext_resource type="PackedScene" uid="uid://dnlq0shgr3d5n" path="res://Preset Scenes/Models/Environment Objects/rock_02_no_collision.tscn" id="21_2nqtf"]
[ext_resource type="PackedScene" uid="uid://cq6vj857rtie5" path="res://Preset Scenes/Models/Environment Objects/rock_01_no_collision.tscn" id="22_86e2j"]

[sub_resource type="ProceduralSkyMaterial" id="ProceduralSkyMaterial_xr7b6"]

[sub_resource type="Sky" id="Sky_mr660"]
sky_material = SubResource("ProceduralSkyMaterial_xr7b6")

[sub_resource type="Environment" id="Environment_u8yh7"]
background_mode = 2
background_color = Color(0.513726, 0.796078, 0.905882, 1)
sky = SubResource("Sky_mr660")
ambient_light_sky_contribution = 0.5
tonemap_mode = 2
ssao_enabled = true
ssil_enabled = true
ssil_radius = 11.33
sdfgi_use_occlusion = true
glow_enabled = true
glow_normalized = true
glow_intensity = 0.25
glow_blend_mode = 1
fog_enabled = true
fog_light_color = Color(0.454902, 0.560784, 0.682353, 1)
fog_sun_scatter = 0.27
fog_density = 0.001
fog_sky_affect = 0.0
volumetric_fog_density = 0.019
volumetric_fog_albedo = Color(0.713726, 0.858824, 1, 1)
volumetric_fog_length = 16.37
volumetric_fog_ambient_inject = 0.88
adjustment_enabled = true
adjustment_brightness = 1.1
adjustment_contrast = 1.05
adjustment_saturation = 1.2

[sub_resource type="CameraAttributesPractical" id="CameraAttributesPractical_b27r5"]
dof_blur_far_enabled = true
dof_blur_far_distance = 681.72
dof_blur_far_transition = 1973.86

[sub_resource type="Resource" id="Resource_aam3t"]
script = ExtResource("5_f1v5g")
InventoryItem = ExtResource("4_8mtcf")
slotAmount = 4

[sub_resource type="Resource" id="Resource_ib1s8"]
script = ExtResource("5_f1v5g")
InventoryItem = ExtResource("6_0swu6")
slotAmount = 5

[sub_resource type="Resource" id="Resource_c5gqt"]
script = ExtResource("5_f1v5g")
InventoryItem = ExtResource("6_0swu6")
slotAmount = 15

[sub_resource type="Resource" id="Resource_1tw3q"]
script = ExtResource("5_f1v5g")
InventoryItem = ExtResource("4_8mtcf")
slotAmount = 7

[sub_resource type="Resource" id="Resource_01cxs"]
script = ExtResource("5_f1v5g")
InventoryItem = ExtResource("6_0swu6")
slotAmount = 25

[sub_resource type="Resource" id="Resource_pyejc"]
script = ExtResource("5_f1v5g")
InventoryItem = ExtResource("4_8mtcf")
slotAmount = 5

[sub_resource type="Resource" id="Resource_q22c0"]
script = ExtResource("5_f1v5g")
InventoryItem = ExtResource("4_8mtcf")
slotAmount = 15

[sub_resource type="Resource" id="Resource_gh2ke"]
script = ExtResource("5_f1v5g")
InventoryItem = ExtResource("6_0swu6")
slotAmount = 3

[sub_resource type="Resource" id="Resource_tiagh"]
script = ExtResource("5_f1v5g")
InventoryItem = ExtResource("6_0swu6")
slotAmount = 5

[sub_resource type="Resource" id="Resource_ufl2w"]
script = ExtResource("5_f1v5g")
InventoryItem = ExtResource("6_0swu6")
slotAmount = 1

[sub_resource type="Resource" id="Resource_fefuq"]
script = ExtResource("5_f1v5g")
InventoryItem = ExtResource("6_0swu6")
slotAmount = 6

[sub_resource type="Resource" id="Resource_dso7v"]
script = ExtResource("5_f1v5g")
InventoryItem = ExtResource("4_8mtcf")
slotAmount = 2

[sub_resource type="Resource" id="Resource_71jat"]
script = ExtResource("5_f1v5g")
InventoryItem = ExtResource("4_8mtcf")
slotAmount = 4

[sub_resource type="Resource" id="Resource_15jwn"]
script = ExtResource("5_f1v5g")
InventoryItem = ExtResource("6_0swu6")
slotAmount = 15

[node name="Level1_Final" type="Node3D"]

[node name="DirectionalLight3D" type="DirectionalLight3D" parent="."]
transform = Transform3D(-0.704319, 0.64396, 0.298749, 0.65821, 0.434778, 0.614596, 0.265886, 0.629511, -0.730083, 4.41461, 5.50774, 12.5934)
shadow_enabled = true
shadow_blur = 2.157

[node name="WorldEnvironment" type="WorldEnvironment" parent="."]
environment = SubResource("Environment_u8yh7")
camera_attributes = SubResource("CameraAttributesPractical_b27r5")

[node name="Player" parent="." instance=ExtResource("1_7jqna")]
transform = Transform3D(-1, 0, -8.74228e-08, 0, 1, 0, 8.74228e-08, 0, -1, -0.133518, 1, -52.3223)

[node name="Node3D" type="Node3D" parent="."]
transform = Transform3D(0.6, 0, 0, 0, 0.6, 0, 0, 0, 0.6, 0, 0, 0)

[node name="CSGBox3D13" type="CSGBox3D" parent="Node3D"]
transform = Transform3D(0.766044, 0, -0.642788, 0, 1, 0, 0.642788, 0, 0.766044, -224.69, -9, 229.273)
material_override = ExtResource("2_yq3st")
use_collision = true
size = Vector3(78, 10, 52)
material = ExtResource("2_yq3st")

[node name="CSGBox3D14" type="CSGBox3D" parent="Node3D"]
transform = Transform3D(0.866025, 0, -0.5, 0, 1, 0, 0.5, 0, 0.866025, -284.525, -9, 187.484)
material_override = ExtResource("2_yq3st")
use_collision = true
size = Vector3(78, 10, 52)
material = ExtResource("2_yq3st")

[node name="CSGBox3D15" type="CSGBox3D" parent="Node3D"]
transform = Transform3D(0.866025, 0.0868241, -0.492404, 0, 0.984808, 0.173648, 0.5, -0.150384, 0.852868, -303.393, -4.84808, 220.165)
material_override = ExtResource("2_yq3st")
use_collision = true
size = Vector3(78, 10, 52)
material = ExtResource("2_yq3st")

[node name="CSGBox3D24" type="CSGBox3D" parent="Node3D"]
transform = Transform3D(0.00349064, 0, 0.999994, 0, 1, 0, -0.999994, 0, 0.00349064, 210.105, 9.65022, 396.506)
material_override = ExtResource("2_yq3st")
use_collision = true
size = Vector3(512, 34, 64)
material = ExtResource("2_yq3st")

[node name="CSGBox3D25" type="CSGBox3D" parent="Node3D"]
transform = Transform3D(0.00349064, 0, 0.999994, 0, 1, 0, -0.999994, 0, 0.00349064, 92.972, 9.65022, 686.406)
material_override = ExtResource("2_yq3st")
use_collision = true
size = Vector3(76, 34, 296)
material = ExtResource("2_yq3st")

[node name="CSGBox3D27" type="CSGBox3D" parent="Node3D"]
transform = Transform3D(-0.551626, 0, 0.834091, 0, 1, 0, -0.834091, 0, -0.551626, 168.305, 9.65022, 496.739)
material_override = ExtResource("2_yq3st")
use_collision = true
size = Vector3(26, 34, 40)
material = ExtResource("2_yq3st")

[node name="CSGBox3D84" type="CSGBox3D" parent="Node3D"]
transform = Transform3D(-0.998157, 0, -0.0606766, 0, 1, 0, 0.0606766, 0, -0.998157, 55.7333, 14.4234, 527.017)
material_override = ExtResource("2_yq3st")
use_collision = true
size = Vector3(26, 34, 40)
material = ExtResource("2_yq3st")

[node name="CSGBox3D94" type="CSGBox3D" parent="Node3D"]
transform = Transform3D(-0.998156, 0, -0.0606766, 0, 0.999999, 0, 0.0606766, 0, -0.998156, -144.942, 12.2483, 516.557)
material_override = ExtResource("2_yq3st")
use_collision = true
size = Vector3(26, 34, 40)
material = ExtResource("2_yq3st")

[node name="CSGBox3D102" type="CSGBox3D" parent="Node3D"]
transform = Transform3D(-0.998156, 0, -0.0606766, 0, 0.999999, 0, 0.0606766, 0, -0.998156, -180.226, 28.915, 541.246)
material_override = ExtResource("2_yq3st")
use_collision = true
size = Vector3(26, 34, 14)
material = ExtResource("2_yq3st")

[node name="CSGBox3D146" type="CSGBox3D" parent="Node3D"]
transform = Transform3D(-0.979849, 0, 0.199733, 0, 0.999999, 0, -0.199733, 0, -0.979849, -183.559, 38.915, 561.246)
material_override = ExtResource("2_yq3st")
use_collision = true
size = Vector3(20, 34, 38)
material = ExtResource("2_yq3st")

[node name="CSGBox3D99" type="CSGBox3D" parent="Node3D"]
transform = Transform3D(-0.97985, 0, 0.199733, 0, 0.999999, 0, -0.199733, 0, -0.97985, -162.865, 15.5817, 514.57)
material_override = ExtResource("2_yq3st")
use_collision = true
size = Vector3(26, 34, 40)
material = ExtResource("2_yq3st")

[node name="CSGBox3D100" type="CSGBox3D" parent="Node3D"]
transform = Transform3D(-0.0606768, 0, 0.998156, 0, 0.999999, 0, -0.998156, 0, -0.0606768, -191.324, 21.2472, 522.993)
material_override = ExtResource("2_yq3st")
use_collision = true
size = Vector3(32, 34, 40)
material = ExtResource("2_yq3st")

[node name="CSGBox3D101" type="CSGBox3D" parent="Node3D"]
transform = Transform3D(0.998156, 0, 0.0606767, 0, 0.999999, 0, -0.0606767, 0, 0.998156, -211.492, 15.9946, 532.995)
material_override = ExtResource("2_yq3st")
use_collision = true
size = Vector3(38, 34, 40)
material = ExtResource("2_yq3st")

[node name="CSGBox3D87" type="CSGBox3D" parent="Node3D"]
transform = Transform3D(-0.551626, 0, 0.834091, 0, 1, 0, -0.834091, 0, -0.551626, 14.6037, 25.1551, 509.349)
material_override = ExtResource("2_yq3st")
use_collision = true
size = Vector3(18, 18, 19.7197)
material = ExtResource("2_yq3st")

[node name="CSGBox3D92" type="CSGBox3D" parent="Node3D"]
transform = Transform3D(-0.0606766, 0, 0.998156, 0, 0.999999, 0, -0.998156, 0, -0.0606766, 4.60372, 21.8217, 516.016)
material_override = ExtResource("2_yq3st")
use_collision = true
size = Vector3(18, 18, 19.7197)
material = ExtResource("2_yq3st")

[node name="CSGBox3D93" type="CSGBox3D" parent="Node3D"]
transform = Transform3D(-0.0606766, 0, 0.998156, 0, 0.999999, 0, -0.998156, 0, -0.0606766, -7.93355, 20.1551, 513.568)
material_override = ExtResource("2_yq3st")
use_collision = true
size = Vector3(18, 18, 19.7197)
material = ExtResource("2_yq3st")

[node name="CSGBox3D91" type="CSGBox3D" parent="Node3D"]
transform = Transform3D(-0.0606766, 0, 0.998157, 0, 1, 0, -0.998157, 0, -0.0606766, -28.7296, 28.4884, 534.349)
material_override = ExtResource("2_yq3st")
use_collision = true
size = Vector3(8, 36, 6)
material = ExtResource("2_yq3st")

[node name="CSGBox3D95" type="CSGBox3D" parent="Node3D"]
transform = Transform3D(-0.3287, 0, 0.944434, 0, 1, 0, -0.944434, 0, -0.3287, -92.0125, 26.8217, 532.24)
material_override = ExtResource("2_yq3st")
use_collision = true
size = Vector3(14, 18, 2)
material = ExtResource("2_yq3st")

[node name="CSGBox3D98" type="CSGBox3D" parent="Node3D"]
transform = Transform3D(-0.3287, 0, 0.944434, 0, 1, 0, -0.944434, 0, -0.3287, -114.169, 26.8217, 539.811)
material_override = ExtResource("2_yq3st")
use_collision = true
size = Vector3(14, 18, 2)
material = ExtResource("2_yq3st")

[node name="CSGBox3D97" type="CSGBox3D" parent="Node3D"]
transform = Transform3D(0.944434, 0, 0.3287, 0, 1, 0, -0.3287, 0, 0.944434, -101.382, 26.8217, 541.774)
material_override = ExtResource("2_yq3st")
use_collision = true
size = Vector3(22, 18, 2)
material = ExtResource("2_yq3st")

[node name="CSGBox3D88" type="CSGBox3D" parent="Node3D"]
transform = Transform3D(-0.0606766, 0, 0.998157, 0, 1, 0, -0.998157, 0, -0.0606766, 7.54101, 21.8217, 533.205)
material_override = ExtResource("2_yq3st")
use_collision = true
size = Vector3(2, 41.1124, 2)
material = ExtResource("2_yq3st")

[node name="CSGBox3D89" type="CSGBox3D" parent="Node3D"]
transform = Transform3D(-0.0606766, 0, 0.998157, 0, 1, 0, -0.998157, 0, -0.0606766, -2.80569, 23.1551, 535.408)
material_override = ExtResource("2_yq3st")
use_collision = true
size = Vector3(2, 41.1124, 2)
material = ExtResource("2_yq3st")

[node name="CSGBox3D90" type="CSGBox3D" parent="Node3D"]
transform = Transform3D(-0.0606766, 0, 0.998157, 0, 1, 0, -0.998157, 0, -0.0606766, -14.4724, 21.4884, 532.075)
material_override = ExtResource("2_yq3st")
use_collision = true
size = Vector3(2, 41.1124, 2)
material = ExtResource("2_yq3st")

[node name="CSGBox3D85" type="CSGBox3D" parent="Node3D"]
transform = Transform3D(0.000752898, 0, 0.999999, 0, 1, 0, -0.999999, 0, 0.000752898, 36.8938, 18.9959, 508.862)
material_override = ExtResource("2_yq3st")
use_collision = true
size = Vector3(26, 34, 40)
material = ExtResource("2_yq3st")

[node name="CSGBox3D86" type="CSGBox3D" parent="Node3D"]
transform = Transform3D(0.998157, 0, 0.0606765, 0, 1, 0, -0.0606765, 0, 0.998157, 32.3078, 21.8384, 527.148)
material_override = ExtResource("2_yq3st")
use_collision = true
size = Vector3(28.6179, 34, 25.8753)
material = ExtResource("2_yq3st")

[node name="CSGBox3D185" type="CSGBox3D" parent="Node3D"]
transform = Transform3D(0.998157, 0, 0.0606765, 0, 1, 0, -0.0606765, 0, 0.998157, 25.9466, 21.8383, 542.611)
material_override = ExtResource("2_yq3st")
use_collision = true
size = Vector3(13.9741, 34, 5.93062)
material = ExtResource("2_yq3st")

[node name="CSGBox3D16" type="CSGBox3D" parent="Node3D"]
transform = Transform3D(0.707668, 0.0976105, -0.699769, 0.0299434, 0.985378, 0.167731, 0.70591, -0.139652, 0.694398, -249.646, -3.65621, 259.001)
material_override = ExtResource("2_yq3st")
use_collision = true
size = Vector3(78, 10, 52)
material = ExtResource("2_yq3st")

[node name="CSGBox3D4" type="CSGBox3D" parent="Node3D"]
transform = Transform3D(0.8089, -0.0124821, -0.587813, 0.0102092, 0.999922, -0.00718398, 0.587857, -0.000190001, 0.808965, -35.9686, -3.4331, 151.905)
material_override = ExtResource("2_yq3st")
use_collision = true
size = Vector3(50, 4, 48.903)
material = ExtResource("2_yq3st")

[node name="CSGBox3D55" type="CSGBox3D" parent="Node3D"]
transform = Transform3D(-0.550188, -0.000381941, -0.83504, 0.0102092, 0.999922, -0.00718398, 0.834978, -0.0124777, -0.550142, 55.9094, -2.15277, 83.5128)
material_override = ExtResource("2_yq3st")
use_collision = true
size = Vector3(4.02429, 25.3745, 3.58934)
material = ExtResource("2_yq3st")

[node name="CSGBox3D57" type="CSGBox3D" parent="Node3D"]
transform = Transform3D(-0.519348, -0.000837078, -0.854562, 0.0102092, 0.999922, -0.00718398, 0.854501, -0.0124554, -0.519299, 68.266, -2.15277, 89.3774)
use_collision = true
size = Vector3(4.87368, 25.3745, 5.42772)
material = ExtResource("2_yq3st")

[node name="CSGBox3D5" type="CSGBox3D" parent="Node3D"]
transform = Transform3D(-0.737907, -0.0124821, -0.674787, -0.0090831, 0.999922, -0.00856361, 0.674841, -0.000190001, -0.737963, -60.9421, -1.47238, 170.693)
material_override = ExtResource("2_yq3st")
use_collision = true
size = Vector3(44, 6, 62)
material = ExtResource("2_yq3st")

[node name="CSGBox3D39" type="CSGBox3D" parent="Node3D"]
transform = Transform3D(-0.998964, -0.00869181, 0.0446725, -0.0090831, 0.999922, -0.00856362, -0.0445943, -0.00896051, -0.998965, 2.39122, 3.52762, 172.36)
material_override = ExtResource("2_yq3st")
use_collision = true
size = Vector3(24, 30, 32)
material = ExtResource("2_yq3st")

[node name="CSGBox3D37" type="CSGBox3D" parent="Node3D"]
transform = Transform3D(0.301626, 0.0109048, 0.953364, -0.0090831, 0.999922, -0.00856362, -0.953383, -0.00607649, 0.301701, 69.0579, 3.52762, 155.693)
material_override = ExtResource("2_yq3st")
use_collision = true
size = Vector3(26, 30, 32)
material = ExtResource("2_yq3st")

[node name="CSGBox3D64" type="CSGBox3D" parent="Node3D"]
transform = Transform3D(0.511673, 0.0120055, 0.859095, -0.00908309, 0.999921, -0.00856361, -0.859132, -0.00342148, 0.511743, 43.3146, 3.52763, 155.62)
material_override = ExtResource("2_yq3st")
use_collision = true
size = Vector3(26, 30, 19.5579)
material = ExtResource("2_yq3st")

[node name="CSGBox3D80" type="CSGBox3D" parent="Node3D"]
transform = Transform3D(0.645906, 0.0122142, -0.763319, -0.00592092, 0.999922, 0.01099, 0.763393, -0.00257897, 0.645928, 156.162, 22.4838, 482.024)
material_override = ExtResource("2_yq3st")
use_collision = true
size = Vector3(26, 22.3408, 32)
material = ExtResource("2_yq3st")

[node name="CSGBox3D81" type="CSGBox3D" parent="Node3D"]
transform = Transform3D(0.999798, 0.0107325, -0.0169443, -0.0106227, 0.999922, 0.00655719, 0.0170135, -0.00637587, 0.999834, 139.723, 22.5923, 493.368)
material_override = ExtResource("2_yq3st")
use_collision = true
size = Vector3(24.9922, 53.3984, 15.2523)
material = ExtResource("2_yq3st")

[node name="CSGBox3D82" type="CSGBox3D" parent="Node3D"]
transform = Transform3D(0.857344, 0.0124826, -0.514591, -0.0106227, 0.999922, 0.00655719, 0.514633, -0.000155413, 0.857409, 167.713, 22.5923, 554.13)
material_override = ExtResource("2_yq3st")
use_collision = true
size = Vector3(24.9922, 53.3984, 24.6053)
material = ExtResource("2_yq3st")

[node name="CSGBox3D83" type="CSGBox3D" parent="Node3D"]
transform = Transform3D(0.999798, 0.0107325, -0.0169444, -0.0106227, 0.999922, 0.00655719, 0.0170135, -0.00637587, 0.999834, 153.867, 18.6976, 545.415)
material_override = ExtResource("2_yq3st")
use_collision = true
size = Vector3(25.3348, 37.4138, 22.1316)
material = ExtResource("2_yq3st")

[node name="CSGBox3D38" type="CSGBox3D" parent="Node3D"]
transform = Transform3D(-0.215476, 0.00640558, 0.976488, -0.0090831, 0.999922, -0.00856362, -0.976467, -0.0107148, -0.215401, 37.3912, 3.52762, 165.693)
material_override = ExtResource("2_yq3st")
use_collision = true
size = Vector3(26, 38, 50)
material = ExtResource("2_yq3st")

[node name="CSGBox3D47" type="CSGBox3D" parent="Node3D"]
transform = Transform3D(-0.752238, -0.00119027, 0.658889, -0.00908309, 0.999921, -0.00856361, -0.658828, -0.0124266, -0.75219, -12.7946, -13.7283, 176.761)
material_override = ExtResource("2_yq3st")
use_collision = true
size = Vector3(28.8065, 59.2024, 43.4164)
material = ExtResource("2_yq3st")

[node name="CSGBox3D48" type="CSGBox3D" parent="Node3D"]
transform = Transform3D(-0.298687, 0.00545998, 0.954335, -0.00908309, 0.999921, -0.00856361, -0.954307, -0.0112262, -0.298614, -49.5964, -13.7283, 202.86)
material_override = ExtResource("2_yq3st")
use_collision = true
size = Vector3(28.8065, 59.2024, 43.4164)
material = ExtResource("2_yq3st")

[node name="CSGBox3D49" type="CSGBox3D" parent="Node3D"]
transform = Transform3D(0.677111, 0.0124521, 0.735774, -0.00908309, 0.999921, -0.00856361, -0.735824, -0.000884593, 0.677171, -87.7644, -13.7283, 196.005)
material_override = ExtResource("2_yq3st")
use_collision = true
size = Vector3(37.4254, 95.6917, 43.5512)
material = ExtResource("2_yq3st")

[node name="CSGBox3D66" type="CSGBox3D" parent="Node3D"]
transform = Transform3D(0.325542, 0.0124521, 0.945445, -0.00489046, 0.999921, -0.0114857, -0.945514, -0.000884593, 0.325577, -129.296, -13.2167, 189.655)
material_override = ExtResource("2_yq3st")
use_collision = true
size = Vector3(46.4934, 95.6917, 69.0053)
material = ExtResource("2_yq3st")

[node name="CSGBox3D96" type="CSGBox3D" parent="Node3D"]
transform = Transform3D(0.828973, 0.0124521, -0.559148, -0.00982856, 0.999921, 0.00769651, 0.559201, -0.000884594, 0.829031, -332.869, 5.96306, 594.584)
material_override = ExtResource("2_yq3st")
use_collision = true
size = Vector3(46.4934, 95.6917, 44)
material = ExtResource("2_yq3st")

[node name="CSGBox3D113" type="CSGBox3D" parent="Node3D"]
transform = Transform3D(-0.963894, -0.00372874, 0.266254, -0.000421787, 0.999921, 0.0124763, -0.26628, 0.0119136, -0.963821, -251.986, 15.3086, 619.23)
material_override = ExtResource("2_yq3st")
use_collision = true
size = Vector3(46.4934, 44, 44)
material = ExtResource("2_yq3st")

[node name="CSGBox3D116" type="CSGBox3D" parent="Node3D"]
transform = Transform3D(-0.862139, -0.00372874, 0.506656, 0.0028217, 0.999921, 0.0121604, -0.506662, 0.0119136, -0.862061, -255.13, 18.2336, 624.554)
material_override = ExtResource("2_yq3st")
use_collision = true
size = Vector3(22, 44, 22)
material = ExtResource("2_yq3st")

[node name="CSGBox3D114" type="CSGBox3D" parent="Node3D"]
transform = Transform3D(-0.429588, -0.00372874, -0.903016, -0.01236, 0.99992, 0.00175109, 0.902939, 0.0119136, -0.4296, -259.294, 10.9364, 615.728)
material_override = ExtResource("2_yq3st")
use_collision = true
size = Vector3(60, 44, 138)
material = ExtResource("2_yq3st")

[node name="CSGBox3D115" type="CSGBox3D" parent="Node3D"]
transform = Transform3D(-0.902952, -0.0121818, 0.429563, -0.00982855, 0.99992, 0.0076965, -0.429624, 0.00272761, -0.903002, -266.09, 7.50658, 617.443)
material_override = ExtResource("2_yq3st")
use_collision = true
size = Vector3(148, 44, 94)
material = ExtResource("2_yq3st")

[node name="CSGBox3D103" type="CSGBox3D" parent="Node3D"]
transform = Transform3D(0.98155, 0.0124521, 0.190795, -0.0123921, 0.999921, -0.0015076, -0.190798, -0.000884593, 0.981628, -328.064, -3.12662, 561.616)
material_override = ExtResource("2_yq3st")
use_collision = true
size = Vector3(46.4934, 95.6917, 69.0053)
material = ExtResource("2_yq3st")

[node name="CSGBox3D106" type="CSGBox3D" parent="Node3D"]
transform = Transform3D(0.438337, 0.0124521, -0.898723, -0.00466351, 0.999921, 0.0115797, 0.898797, -0.000884593, 0.438362, -293.277, -3.60717, 508.124)
material_override = ExtResource("2_yq3st")
use_collision = true
size = Vector3(20, 107.556, 69.0053)
material = ExtResource("2_yq3st")

[node name="CSGBox3D108" type="CSGBox3D" parent="Node3D"]
transform = Transform3D(-0.87343, 0.0103415, 0.486836, 0.0056285, 0.99992, -0.0111426, -0.486914, -0.00699213, -0.873421, -289.951, -3.50625, 707.39)
material_override = ExtResource("2_yq3st")
use_collision = true
size = Vector3(20, 100, 40)
material = ExtResource("2_yq3st")

[node name="CSGBox3D110" type="CSGBox3D" parent="Node3D"]
transform = Transform3D(-0.438375, 0.0103415, 0.898731, -0.00175111, 0.999921, -0.0123601, -0.898789, -0.00699212, -0.438323, -299.135, -2.79983, 794.827)
material_override = ExtResource("2_yq3st")
use_collision = true
size = Vector3(76.2885, 107.556, 40)
material = ExtResource("2_yq3st")

[node name="CSGBox3D139" type="CSGBox3D" parent="Node3D"]
transform = Transform3D(0.656046, 0.0103415, -0.754647, -0.00150756, 0.99992, 0.0123921, 0.754716, -0.00699212, 0.656011, -287.943, 47.0487, 782.399)
material_override = ExtResource("2_yq3st")
use_collision = true
size = Vector3(46, 52, 40)
material = ExtResource("2_yq3st")

[node name="CSGBox3D147" type="CSGBox3D" parent="Node3D"]
transform = Transform3D(0.190814, -0.0117988, -0.981553, -0.00175111, 0.999921, -0.0123601, 0.981623, 0.00407729, 0.190779, -184.809, -2.79983, 819.621)
material_override = ExtResource("2_yq3st")
use_collision = true
size = Vector3(76.2885, 107.556, 40)
material = ExtResource("2_yq3st")

[node name="CSGBox3D149" type="CSGBox3D" parent="Node3D"]
transform = Transform3D(-0.981623, -0.00407729, -0.190779, -0.00175111, 0.999921, -0.0123601, 0.190814, -0.0117988, -0.981553, -203.143, -4.4665, 786.288)
material_override = ExtResource("2_yq3st")
use_collision = true
size = Vector3(36, 70, 40)
material = ExtResource("2_yq3st")

[node name="CSGBox3D151" type="CSGBox3D" parent="Node3D"]
transform = Transform3D(-0.981623, -0.00407729, -0.190779, -0.00175111, 0.999921, -0.0123601, 0.190814, -0.0117988, -0.981553, -211.476, 5.5335, 779.621)
material_override = ExtResource("2_yq3st")
use_collision = true
size = Vector3(8, 58, 16)
material = ExtResource("2_yq3st")

[node name="CSGBox3D150" type="CSGBox3D" parent="Node3D"]
transform = Transform3D(-0.981623, -0.00407729, -0.190779, -0.00175111, 0.999921, -0.0123601, 0.190814, -0.0117988, -0.981553, -193.143, 3.86684, 762.954)
material_override = ExtResource("2_yq3st")
use_collision = true
size = Vector3(36, 70, 40)
material = ExtResource("2_yq3st")

[node name="CSGBox3D148" type="CSGBox3D" parent="Node3D"]
transform = Transform3D(-0.438356, -0.0117988, 0.898721, -0.00150756, 0.99992, 0.0123921, -0.898797, 0.00407729, -0.438341, -162.17, 47.0487, 853.729)
material_override = ExtResource("2_yq3st")
use_collision = true
size = Vector3(46, 52, 40)
material = ExtResource("2_yq3st")

[node name="CSGBox3D154" type="CSGBox3D" parent="Node3D"]
transform = Transform3D(0.190814, -0.0117988, -0.981553, -0.00175111, 0.999921, -0.0123601, 0.981623, 0.00407729, 0.190779, -279.809, -2.79983, 944.621)
material_override = ExtResource("2_yq3st")
use_collision = true
size = Vector3(76.2885, 107.556, 40)
material = ExtResource("2_yq3st")

[node name="CSGBox3D155" type="CSGBox3D" parent="Node3D"]
transform = Transform3D(-0.438356, -0.0117988, 0.898721, -0.00150756, 0.99992, 0.0123921, -0.898797, 0.00407729, -0.438341, -257.17, 47.0487, 978.728)
material_override = ExtResource("2_yq3st")
use_collision = true
size = Vector3(46, 52, 40)
material = ExtResource("2_yq3st")

[node name="CSGBox3D152" type="CSGBox3D" parent="Node3D"]
transform = Transform3D(0.829038, -0.00545996, -0.559162, -0.00175111, 0.999921, -0.0123601, 0.559186, 0.0112261, 0.828964, -118.553, -2.79983, 879.287)
material_override = ExtResource("2_yq3st")
use_collision = true
size = Vector3(76.2885, 107.556, 40)
material = ExtResource("2_yq3st")

[node name="CSGBox3D167" type="CSGBox3D" parent="Node3D"]
transform = Transform3D(0.94551, 0.00545996, -0.325538, -0.00150756, 0.99992, 0.0123921, 0.325581, -0.0112261, 0.945445, 36.1331, 47.0487, 899.865)
material_override = ExtResource("2_yq3st")
use_collision = true
size = Vector3(54.622, 52, 40)
material = ExtResource("2_yq3st")

[node name="CSGBox3D168" type="CSGBox3D" parent="Node3D"]
transform = Transform3D(-0.997561, -0.000884595, 0.0697662, -0.00175111, 0.999921, -0.0123601, -0.0697505, -0.0124521, -0.997485, -25.6375, -2.79983, 893.012)
material_override = ExtResource("2_yq3st")
use_collision = true
size = Vector3(76.2885, 107.556, 40)
material = ExtResource("2_yq3st")

[node name="CSGBox3D156" type="CSGBox3D" parent="Node3D"]
transform = Transform3D(-0.829026, -0.00817944, 0.559145, -0.00150756, 0.99992, 0.0123921, -0.559203, 0.00943045, -0.828975, -225.637, 33.7154, 1001.34)
material_override = ExtResource("2_yq3st")
use_collision = true
size = Vector3(46, 52, 40)
material = ExtResource("2_yq3st")

[node name="CSGBox3D157" type="CSGBox3D" parent="Node3D"]
transform = Transform3D(0.997561, 0.000884592, -0.0697663, -0.00175111, 0.999921, -0.01236, 0.0697506, 0.0124521, 0.997484, -175.085, -6.13316, 1001.67)
material_override = ExtResource("2_yq3st")
use_collision = true
size = Vector3(76.2885, 107.556, 40)
material = ExtResource("2_yq3st")

[node name="CSGBox3D169" type="CSGBox3D" parent="Node3D"]
transform = Transform3D(0.656061, -0.00817945, -0.75466, -0.00175111, 0.999921, -0.01236, 0.754703, 0.00943045, 0.655996, -123.418, -6.13316, 1020)
material_override = ExtResource("2_yq3st")
use_collision = true
size = Vector3(76.2885, 107.556, 40)
material = ExtResource("2_yq3st")

[node name="CSGBox3D170" type="CSGBox3D" parent="Node3D"]
transform = Transform3D(-0.325561, -0.0122567, -0.945439, -0.00175111, 0.999921, -0.01236, 0.945517, -0.00236839, -0.325557, -105.946, 31.6854, 1037.52)
material_override = ExtResource("2_yq3st")
use_collision = true
size = Vector3(53.4177, 100.989, 52.0777)
material = ExtResource("2_yq3st")

[node name="CSGBox3D171" type="CSGBox3D" parent="Node3D"]
transform = Transform3D(0.00461604, -0.0123518, -0.99991, -0.00175111, 0.999921, -0.01236, 0.999985, 0.00180801, 0.00459461, -9.01466, 10.8972, 1073.7)
material_override = ExtResource("2_yq3st")
use_collision = true
size = Vector3(101.382, 100.989, 52.0777)
material = ExtResource("2_yq3st")

[node name="CSGBox3D172" type="CSGBox3D" parent="Node3D"]
transform = Transform3D(0.276108, -0.0113961, -0.961056, -0.00175111, 0.999921, -0.01236, 0.961122, 0.00509563, 0.276067, 0.226241, 43.1662, 1142.81)
material_override = ExtResource("2_yq3st")
use_collision = true
size = Vector3(64.4412, 100.989, 60.1497)
material = ExtResource("2_yq3st")

[node name="CSGBox3D153" type="CSGBox3D" parent="Node3D"]
transform = Transform3D(-0.94551, -0.00545996, 0.325538, -0.00150756, 0.99992, 0.0123921, -0.325581, 0.0112261, -0.945445, -78.4264, 47.0487, 887.396)
material_override = ExtResource("2_yq3st")
use_collision = true
size = Vector3(46, 52, 40)
material = ExtResource("2_yq3st")

[node name="CSGBox3D137" type="CSGBox3D" parent="Node3D"]
transform = Transform3D(0.559186, 0.0112261, 0.828964, -0.00175111, 0.999921, -0.0123601, -0.829038, 0.00545996, 0.559162, -329.135, 2.20017, 851.494)
material_override = ExtResource("2_yq3st")
use_collision = true
size = Vector3(76.2885, 84, 40)
material = ExtResource("2_yq3st")

[node name="CSGBox3D138" type="CSGBox3D" parent="Node3D"]
transform = Transform3D(0.829038, -0.00545993, -0.559162, -0.00175112, 0.99992, -0.0123601, 0.559186, 0.0112261, 0.828964, -348.428, 43.3568, 835.585)
material_override = ExtResource("2_yq3st")
use_collision = true
size = Vector3(36, 8, 16)
material = ExtResource("2_yq3st")

[node name="CSGBox3D111" type="CSGBox3D" parent="Node3D"]
transform = Transform3D(-0.190794, 0.0124521, 0.981549, 0.00150757, 0.999921, -0.0123921, -0.981627, -0.000884593, -0.190799, -371.986, 25.8377, 816.979)
material_override = ExtResource("2_yq3st")
use_collision = true
size = Vector3(40, 18, 40)
material = ExtResource("2_yq3st")

[node name="CSGBox3D112" type="CSGBox3D" parent="Node3D"]
transform = Transform3D(-0.190794, 0.0124521, 0.981549, 0.00150757, 0.999921, -0.0123921, -0.981627, -0.000884593, -0.190799, -371.681, 43.69, 817.058)
material_override = ExtResource("2_yq3st")
use_collision = true
size = Vector3(12, 18, 12)
material = ExtResource("2_yq3st")

[node name="CSGBox3D117" type="CSGBox3D" parent="Node3D"]
transform = Transform3D(-0.190794, 0.0124521, 0.981549, 0.00150757, 0.999921, -0.0123921, -0.981627, -0.000884593, -0.190799, -375.202, 36.6631, 801.061)
material_override = ExtResource("2_yq3st")
use_collision = true
size = Vector3(2, 18, 2)
material = ExtResource("2_yq3st")

[node name="CSGBox3D118" type="CSGBox3D" parent="Node3D"]
transform = Transform3D(-0.190794, 0.0124521, 0.981549, 0.00150757, 0.999921, -0.0123921, -0.981627, -0.000884593, -0.190799, -380.2, 33.7571, 775.542)
material_override = ExtResource("2_yq3st")
use_collision = true
size = Vector3(2, 18, 2)
material = ExtResource("2_yq3st")

[node name="CSGBox3D120" type="CSGBox3D" parent="Node3D"]
transform = Transform3D(0.0697506, 0.0124521, 0.997485, -0.00175111, 0.999921, -0.0123601, -0.997561, -0.000884593, 0.0697662, -377.61, 30.7124, 760.02)
material_override = ExtResource("2_yq3st")
use_collision = true
size = Vector3(4, 20, 4)
material = ExtResource("2_yq3st")

[node name="CSGBox3D132" type="CSGBox3D" parent="Node3D"]
transform = Transform3D(0.654118, 0.185886, 0.733194, -0.26049, 0.965396, -0.0123601, -0.71012, -0.182905, 0.679905, -377.61, 30.7124, 741.686)
material_override = ExtResource("2_yq3st")
use_collision = true
size = Vector3(4, 20, 4)
material = ExtResource("2_yq3st")

[node name="CSGBox3D123" type="CSGBox3D" parent="Node3D"]
transform = Transform3D(0.864414, -0.498663, -0.06419, 0.0705967, -0.00602484, 0.997485, -0.497796, -0.866774, 0.0299957, -352.305, 29.1054, 725.001)
material_override = ExtResource("2_yq3st")
use_collision = true
size = Vector3(8, 20, 6)
material = ExtResource("2_yq3st")

[node name="CSGBox3D133" type="CSGBox3D" parent="Node3D"]
transform = Transform3D(-0.255969, -0.964938, 0.058072, 0.0541798, 0.0456587, 0.997485, -0.965163, 0.258472, 0.0405923, -351.088, 26.5282, 737.32)
material_override = ExtResource("2_yq3st")
use_collision = true
size = Vector3(18, 20, 16)
material = ExtResource("2_yq3st")

[node name="CSGBox3D124" type="CSGBox3D" parent="Node3D"]
transform = Transform3D(0.0017511, -0.999921, 0.01236, -0.0182763, 0.012326, 0.999755, -0.99983, -0.00197658, -0.018254, -385.943, 27.379, 751.686)
material_override = ExtResource("2_yq3st")
use_collision = true
size = Vector3(14, 2, 16)
material = ExtResource("2_yq3st")

[node name="CSGBox3D127" type="CSGBox3D" parent="Node3D"]
transform = Transform3D(0.0017511, -0.999921, 0.01236, -0.0182763, 0.012326, 0.999755, -0.99983, -0.00197658, -0.018254, -400.942, 27.5639, 751.656)
material_override = ExtResource("2_yq3st")
use_collision = true
size = Vector3(14, 2, 16)
material = ExtResource("2_yq3st")

[node name="CSGBox3D125" type="CSGBox3D" parent="Node3D"]
transform = Transform3D(-0.99983, -0.00197654, -0.018254, -0.0182763, 0.012326, 0.999755, -0.00175106, 0.999921, -0.01236, -393.7, 27.3963, 745.563)
material_override = ExtResource("2_yq3st")
use_collision = true
size = Vector3(14, 2, 16)
material = ExtResource("2_yq3st")

[node name="CSGBox3D126" type="CSGBox3D" parent="Node3D"]
transform = Transform3D(-0.99983, -0.00197654, -0.018254, -0.0182763, 0.012326, 0.999755, -0.00175106, 0.999921, -0.01236, -393.723, 27.5442, 757.562)
material_override = ExtResource("2_yq3st")
use_collision = true
size = Vector3(14, 2, 16)
material = ExtResource("2_yq3st")

[node name="CSGBox3D119" type="CSGBox3D" parent="Node3D"]
transform = Transform3D(-0.0107231, 0.1909, 0.981549, 0.992757, 0.119485, -0.0123921, -0.119646, 0.974309, -0.190799, -377.586, 44.7367, 788.276)
material_override = ExtResource("2_yq3st")
use_collision = true
size = Vector3(2, 32.4614, 6)
material = ExtResource("2_yq3st")

[node name="CSGBox3D109" type="CSGBox3D" parent="Node3D"]
transform = Transform3D(0.0697216, 0.0103415, 0.997511, -0.00769652, 0.99992, -0.00982857, -0.997535, -0.00699212, 0.0697951, -292.959, -3.20998, 745.307)
material_override = ExtResource("2_yq3st")
use_collision = true
size = Vector3(55.552, 124.931, 30)
material = ExtResource("2_yq3st")

[node name="CSGBox3D142" type="CSGBox3D" parent="Node3D"]
transform = Transform3D(-0.87343, 0.0103415, 0.486836, 0.00562849, 0.99992, -0.0111426, -0.486914, -0.00699213, -0.873421, -174.951, 9.82708, 720.723)
material_override = ExtResource("2_yq3st")
use_collision = true
size = Vector3(20, 100, 40)
material = ExtResource("2_yq3st")

[node name="CSGBox3D143" type="CSGBox3D" parent="Node3D"]
transform = Transform3D(0.0697216, 0.0103415, 0.997511, -0.00769652, 0.999921, -0.00982858, -0.997535, -0.00699212, 0.0697951, -177.959, 10.1234, 758.64)
material_override = ExtResource("2_yq3st")
use_collision = true
size = Vector3(55.552, 124.931, 30)
material = ExtResource("2_yq3st")

[node name="CSGBox3D130" type="CSGBox3D" parent="Node3D"]
transform = Transform3D(-0.190835, 0.00817945, 0.981586, -0.00769652, 0.999921, -0.00982858, -0.98159, -0.00943046, -0.190758, -416.587, -3.20998, 777.769)
material_override = ExtResource("2_yq3st")
use_collision = true
size = Vector3(55.552, 114, 12)
material = ExtResource("2_yq3st")

[node name="CSGBox3D131" type="CSGBox3D" parent="Node3D"]
transform = Transform3D(0.0697216, 0.0103415, 0.997511, -0.00769652, 0.99992, -0.00982857, -0.997535, -0.00699212, 0.0697951, -424.358, 13.1829, 822.766)
material_override = ExtResource("2_yq3st")
use_collision = true
size = Vector3(42, 91.0983, 31.2693)
material = ExtResource("2_yq3st")

[node name="CSGBox3D134" type="CSGBox3D" parent="Node3D"]
transform = Transform3D(-0.656063, 0.00236838, 0.754699, -0.00769652, 0.99992, -0.00982857, -0.754664, -0.0122567, -0.655994, -401.025, 13.1829, 854.432)
material_override = ExtResource("2_yq3st")
use_collision = true
size = Vector3(42, 68, 10)
material = ExtResource("2_yq3st")

[node name="CSGBox3D128" type="CSGBox3D" parent="Node3D"]
transform = Transform3D(-0.717646, 0.0117988, 0.696305, 0.0056285, 0.99992, -0.0111426, -0.696383, -0.00407729, -0.717657, -401.762, -3.50625, 688.425)
material_override = ExtResource("2_yq3st")
use_collision = true
size = Vector3(20, 100, 40)
material = ExtResource("2_yq3st")

[node name="CSGBox3D129" type="CSGBox3D" parent="Node3D"]
transform = Transform3D(0.325527, 0.0117988, 0.945458, -0.00769652, 0.999921, -0.00982858, -0.945499, -0.00407729, 0.325592, -414.481, -3.20998, 724.272)
material_override = ExtResource("2_yq3st")
use_collision = true
size = Vector3(55.552, 124.931, 30)
material = ExtResource("2_yq3st")

[node name="CSGBox3D135" type="CSGBox3D" parent="Node3D"]
transform = Transform3D(-0.997535, -0.00699212, 0.0697952, -0.00769652, 0.99992, -0.00982857, -0.0697216, -0.0103415, -0.997511, -319.969, -3.20998, 905.627)
material_override = ExtResource("2_yq3st")
use_collision = true
size = Vector3(55.552, 114, 12)
material = ExtResource("2_yq3st")

[node name="CSGBox3D136" type="CSGBox3D" parent="Node3D"]
transform = Transform3D(-0.82903, -0.000884593, 0.5592, -0.00769652, 0.999921, -0.00982858, -0.559148, -0.0124521, -0.828972, -371.099, -3.20998, 889.747)
material_override = ExtResource("2_yq3st")
use_collision = true
size = Vector3(55.552, 124.931, 30)
material = ExtResource("2_yq3st")

[node name="CSGBox3D121" type="CSGBox3D" parent="Node3D"]
transform = Transform3D(-0.512956, 0.0124521, 0.858323, 0.0056285, 0.99992, -0.0111426, -0.858395, -0.000884593, -0.512987, -349.007, 1.49375, 627.348)
material_override = ExtResource("2_yq3st")
use_collision = true
size = Vector3(20, 100, 40)
material = ExtResource("2_yq3st")

[node name="CSGBox3D140" type="CSGBox3D" parent="Node3D"]
transform = Transform3D(0.898768, 0.00545997, 0.438388, -0.00982856, 0.999921, 0.00769651, -0.438311, -0.0112261, 0.898752, -186.091, 5.96306, 657.453)
material_override = ExtResource("2_yq3st")
use_collision = true
size = Vector3(46.4934, 95.6917, 44)
material = ExtResource("2_yq3st")

[node name="CSGBox3D141" type="CSGBox3D" parent="Node3D"]
transform = Transform3D(-0.999869, 0.00545997, -0.0150982, 0.0056285, 0.99992, -0.0111426, 0.0150352, -0.0112261, -0.999822, -165.785, 1.49375, 687.811)
material_override = ExtResource("2_yq3st")
use_collision = true
size = Vector3(20, 100, 40)
material = ExtResource("2_yq3st")

[node name="CSGBox3D144" type="CSGBox3D" parent="Node3D"]
transform = Transform3D(-0.974263, 0.00799429, 0.225263, 0.0056285, 0.99992, -0.0111426, -0.225336, -0.00958793, -0.974233, -181.1, 9.82708, 626.873)
material_override = ExtResource("2_yq3st")
use_collision = true
size = Vector3(20, 100, 40)
material = ExtResource("2_yq3st")

[node name="CSGBox3D145" type="CSGBox3D" parent="Node3D"]
transform = Transform3D(-0.956404, 0.0021293, -0.292032, 0.0056285, 0.99992, -0.0111426, 0.291985, -0.0123005, -0.956342, -181.429, 1.49375, 592.709)
material_override = ExtResource("2_yq3st")
use_collision = true
size = Vector3(20, 100, 40)
material = ExtResource("2_yq3st")

[node name="CSGBox3D122" type="CSGBox3D" parent="Node3D"]
